echo "-------------------------"
echo "4 2 5 8 6 2 9 8 9 6 7 3 1 3 2 1 9 7 6"
echo "n/a"
echo $'8 9 4 8 5 4 0 8 8 5 5 7 4 9 4 3 5 2\n3 3 6 3 7 7 5 8 0 8 1 7 3 8 2 7 6 2 4\n' | ./compile_then_execute.sh
echo "-------------------------"
echo "1 5 2 8 6 2 5 2 1 5 8 7 7 5 2 3 1 8 8 3"
echo "1 0 0 0 0 6 2 1 7 1 2 2 7 1 9 6 1 7 5"
echo $'8 1 4 3 1 5 7 1 6 5 0 0 1 2 1 4 0 2 9\n7 1 4 3 0 9 4 9 9 3 7 7 4 0 1 7 8 5 4\n' | ./compile_then_execute.sh
echo "-------------------------"
echo "6 2 4 0 0 6 2 1 2 6 8 8 9 0 8 1 2 2 6"
echo "n/a"
echo $'1 3 4 3 1 4 1 7 6 2 9 1 7 3 5 6 5 4 6\n4 8 9 6 9 2 0 3 6 3 9 7 1 7 2 4 6 8 0\n' | ./compile_then_execute.sh
echo "-------------------------"
echo "7 5 6 7 8 3 0 0 2 5 4 5 4 7 8 1 1 8 9"
echo "n/a"
echo $'2 8 9 2 7 4 0 5 0 6 4 4 1 3 3 5 0 3 6\n4 6 7 5 0 8 9 5 1 9 0 1 3 4 4 6 1 5 3\n' | ./compile_then_execute.sh
echo "-------------------------"
echo "5 9 2 9 3 8 6 7 5 0 1 3 3 0 5 6 4 3 0"
echo "2 2 5 3 4 7 6 2 7 5 8 5 2 7 1 8 3 3 4"
echo $'4 0 9 1 4 3 1 5 1 2 9 9 2 8 8 7 3 8 2\n1 8 3 7 9 5 5 2 3 7 1 4 0 1 6 9 0 4 8\n' | ./compile_then_execute.sh
echo "-------------------------"
echo "9 0 8 3 1 1 9 2 7 3 5 3 7 7 1 3 3 8 9"
echo "2 3 9 2 8 8 4 5 0 2 9 9 1 5 1 9 0 1 7"
echo $'5 7 3 8 0 0 1 8 8 8 2 6 4 6 1 6 2 0 3\n3 3 4 5 1 1 7 3 8 5 2 7 3 0 9 7 1 8 6\n' | ./compile_then_execute.sh
echo "-------------------------"
echo "1 0 2 4 3 8 9 7 2 6 0 3 9 0 5 9 0 4 0 4"
echo "1 3 0 1 0 0 0 9 0 4 8 9 4 5 8 1 6 9 4"
echo $'5 7 7 2 4 4 9 0 8 2 6 4 2 5 8 6 0 4 9\n4 4 7 1 4 4 8 1 7 7 7 4 8 0 0 4 3 5 5\n' | ./compile_then_execute.sh
echo "-------------------------"
echo "1 1 6 5 9 9 9 2 2 2 5 2 9 1 7 1 2 8 5 5"
echo "n/a"
echo $'4 7 6 5 2 6 3 2 4 2 4 1 1 9 1 6 3 7 5\n6 8 9 4 7 2 8 9 8 2 8 7 9 7 9 6 4 8 0\n' | ./compile_then_execute.sh
echo "-------------------------"
echo "1 5 4 6 5 2 6 2 9 6 0 3 4 8 6 3 0 3 2 3"
echo "n/a"
echo $'6 8 6 5 1 8 2 5 6 6 2 2 9 9 4 2 4 5 4\n8 6 0 0 0 8 0 3 9 4 1 1 8 6 8 7 8 6 9\n' | ./compile_then_execute.sh
echo "-------------------------"
echo "1 3 6 8 6 6 9 5 9 9 1 1 1 4 6 7 9 7 7 7"
echo "3 0 0 9 4 2 9 6 0 3 0 0 6 8 2 9 0 7 7"
echo $'8 3 4 8 0 6 2 7 9 7 0 6 0 7 5 4 4 2 7\n5 3 3 8 6 3 3 1 9 4 0 5 3 9 2 5 3 5 0\n' | ./compile_then_execute.sh
echo "-------------------------"
echo "1 0 6 7 3 1 8 5 8 2 9 5 4 5 5 2 1 9 0 7"
echo "2 8 2 0 3 2 9 4 6 0 2 9 9 0 5 5 4 5 7"
echo $'6 7 4 6 7 5 7 6 4 4 9 2 2 2 8 8 6 8 2\n3 9 2 6 4 2 8 1 8 4 6 2 3 2 3 3 2 2 5\n' | ./compile_then_execute.sh
echo "-------------------------"
echo "1 2 3 3 6 7 0 5 6 0 9 1 4 0 8 1 9 8 9 3"
echo "5 5 7 8 8 2 6 7 5 6 3 4 1 3 8 8 4 9 5"
echo $'8 9 5 7 7 6 6 1 8 2 7 4 1 1 0 4 1 9 4\n3 3 7 8 9 3 9 4 2 6 3 9 9 7 1 5 6 9 9\n' | ./compile_then_execute.sh
echo "-------------------------"
echo "2 0 1 3 3 2 5 4 3 0 8 4 9 8 8 0 1 3 4"
echo "1 6 6 5 9 2 4 8 4 9 6 5 8 8 7 3 3 4 4"
echo $'1 8 3 9 6 2 5 1 4 0 2 5 4 3 7 6 7 3 9\n1 7 3 7 0 0 2 9 0 5 9 5 5 0 3 3 9 5\n' | ./compile_then_execute.sh
echo "-------------------------"
echo "8 3 2 0 8 8 8 2 4 7 8 8 9 4 5 2 2 4 1"
echo "4 9 9 1 9 4 9 1 4 2 5 9 3 9 7 0 4 7 9"
echo $'6 6 5 6 4 1 8 6 9 5 2 4 1 7 1 1 3 6 0\n1 6 6 4 4 6 9 5 5 2 6 4 7 7 4 0 8 8 1\n' | ./compile_then_execute.sh
echo "-------------------------"
echo "3 3 6 6 4 1 8 2 4 1 7 6 5 1 0 4 8 9 0"
echo "1 7 8 5 3 7 3 3 8 5 5 5 8 5 0 1 2 0 2"
echo $'2 5 7 5 8 9 5 8 1 3 6 6 1 8 0 3 0 4 6\n7 9 0 5 2 2 4 2 8 1 0 3 3 0 1 8 4 4\n' | ./compile_then_execute.sh
echo "-------------------------"
echo "5 1 8 1 4 3 6 4 9 9 8 0 3 6 0 4 3 4 1"
echo "3 5 6 6 5 0 9 5 1 5 2 1 5 5 7 2 7 4 3"
echo $'4 3 7 3 9 7 3 0 0 7 5 0 9 5 8 8 5 4 2\n8 0 7 4 6 3 4 9 2 2 9 4 0 1 5 7 9 9\n' | ./compile_then_execute.sh
echo "-------------------------"
echo "4 9 6 2 5 8 3 4 1 0 4 9 1 9 2 3 4 6 5"
echo "2 8 2 8 1 3 5 2 9 7 8 1 5 9 9 7 3 0 3"
echo $'3 8 9 5 3 5 9 3 5 4 1 5 3 9 6 0 3 8 4\n1 0 6 7 2 2 4 0 5 6 3 3 7 9 6 3 0 8 1\n' | ./compile_then_execute.sh
echo "-------------------------"
echo "1 1 8 1 1 1 9 9 4 5 1 4 4 2 2 0 5 8 5 9"
echo "2 6 0 3 6 3 9 8 6 2 2 8 3 0 7 7 3 0 3"
echo $'7 2 0 7 4 1 9 6 5 6 8 6 2 6 4 1 5 8 1\n4 6 0 3 7 7 9 7 9 4 5 7 9 5 6 4 2 7 8\n' | ./compile_then_execute.sh
echo "-------------------------"
echo "7 1 5 3 5 5 5 9 7 5 1 5 3 1 1 1 7 9 6"
echo "3 5 8 2 9 0 6 1 2 6 8 0 5 3 9 5 2 2 0"
echo $'5 3 6 8 2 3 1 0 5 0 9 7 9 2 5 3 5 0 8\n1 7 8 5 3 2 4 9 2 4 1 7 3 8 5 8 2 8 8\n' | ./compile_then_execute.sh
echo "-------------------------"
echo "1 2 5 2 2 2 1 0 4 3 9 8 9 7 0 1 4 5 8 1"
echo "1 1 3 5 3 3 1 5 5 7 9 5 9 8 7 6 2 9"
echo $'6 3 1 7 8 7 1 7 9 7 8 4 6 5 0 1 1 0 5\n6 2 0 4 3 3 8 6 4 2 0 5 0 5 1 3 4 7 6\n' | ./compile_then_execute.sh
